101
101
101
101
102
103
103
104
104
106
110
116
121
131
148
162
176
184
189
193
194
193
192
189
179
165
151
154
153
154
168
177
180
179
179
177
179
177
176
165
149
143
156
170
175
176
174
168
152
138
138
108
83
99
137
152
161
159
152
158
158
165
162
162
101
101
101
101
102
103
103
104
104
106
110
116
121
131
148
161
176
183
189
193
194
193
193
189
179
165
152
157
156
152
164
174
179
179
180
177
180
177
175
162
148
146
157
171
176
177
176
174
157
141
128
94
64
68
120
145
158
164
161
167
162
166
162
164
100
99
99
101
101
101
103
103
105
106
110
116
122
132
149
162
176
184
189
193
194
193
192
189
179
165
153
160
159
157
157
168
176
176
180
179
179
174
169
159
146
152
162
173
177
177
175
174
168
154
135
95
62
54
100
139
157
165
162
170
165
169
164
165
100
99
98
99
101
101
103
104
106
108
112
116
122
133
149
162
177
184
190
193
194
193
192
188
179
166
155
165
165
160
153
159
169
169
174
173
173
168
162
153
149
160
168
176
178
178
175
173
170
160
142
101
65
49
82
127
152
161
164
171
166
170
164
165
140
135
129
125
121
116
109
105
104
105
109
116
122
133
149
162
177
184
190
193
194
193
192
188
179
167
157
171
174
169
154
150
158
160
167
166
166
160
153
147
153
164
172
178
178
179
175
172
169
161
146
106
69
46
67
114
146
160
164
170
165
169
164
165
169
167
166
164
161
155
146
140
132
126
121
117
122
133
149
162
177
184
190
193
194
193
192
188
179
169
160
175
179
178
166
151
150
150
156
156
156
151
146
151
161
169
175
179
177
178
176
170
165
158
145
107
73
45
57
101
139
157
161
168
164
168
164
165
174
176
179
182
182
181
180
178
171
168
164
158
153
152
156
167
177
183
190
191
193
192
191
188
182
177
174
179
185
184
179
169
156
148
146
145
149
149
155
159
168
174
174
176
175
177
173
168
161
153
143
110
76
49
48
86
128
148
154
160
156
165
161
159
152
154
156
164
169
175
179
184
185
185
182
181
178
173
172
170
177
182
190
191
193
192
191
190
187
184
182
184
189
190
186
179
170
160
157
155
160
161
169
169
171
170
170
173
174
177
172
162
154
145
137
112
77
52
45
74
120
140
147
149
150
160
158
155
132
133
138
139
142
146
149
151
158
166
171
179
184
188
188
188
183
180
187
191
193
192
191
191
189
186
184
184
185
188
188
186
181
176
172
169
174
173
177
174
169
160
164
170
172
177
172
159
149
140
131
114
80
55
43
60
107
129
135
136
141
146
150
149
119
135
133
135
134
136
136
138
142
145
150
156
160
170
178
182
189
185
176
190
193
192
191
189
185
182
179
178
178
181
184
184
184
182
180
179
180
178
181
178
171
159
160
168
171
177
173
159
150
141
129
118
84
60
44
52
98
122
131
137
140
137
149
150
79
98
127
136
134
136
137
136
139
139
140
140
141
144
153
164
162
172
170
173
194
191
191
184
178
173
164
162
164
169
176
181
179
183
181
180
182
179
183
179
174
166
167
171
172
176
174
161
154
147
133
121
95
65
45
45
84
118
126
138
149
138
148
152
93
82
82
101
128
137
134
137
139
139
140
140
141
140
141
145
153
156
158
158
187
191
185
179
168
158
155
157
157
158
164
174
178
181
184
180
182
180
183
180
179
174
173
176
175
178
175
169
161
156
143
127
101
70
51
42
68
109
131
146
156
148
146
152
78
87
91
79
87
124
139
137
139
139
140
140
142
141
143
143
145
153
152
146
179
188
181
173
157
155
161
168
167
161
159
164
175
179
185
182
183
180
183
181
182
179
178
179
177
178
175
173
166
161
150
133
112
77
55
42
54
97
132
150
159
159
151
155
82
78
82
89
84
84
109
137
138
139
140
140
141
141
143
143
145
147
149
142
172
186
178
166
156
165
174
180
180
172
164
158
172
177
184
183
184
181
183
181
182
179
179
180
178
178
174
174
166
161
155
143
125
86
62
45
49
81
121
143
152
160
158
160
96
87
80
82
89
90
83
107
136
137
141
140
141
142
142
143
145
146
147
142
160
185
174
160
157
171
183
192
190
180
170
158
167
175
183
184
184
183
183
181
181
179
179
179
178
177
173
173
166
164
154
147
131
96
66
48
48
66
97
123
138
154
156
160
93
101
92
85
81
89
90
84
103
140
141
140
141
142
142
143
144
146
147
143
152
184
175
158
160
175
186
193
191
182
172
156
162
175
182
184
184
182
183
182
182
180
179
179
178
176
171
171
164
161
154
147
132
99
67
49
45
54
73
94
119
146
152
159
96
94
79
94
93
82
89
93
92
105
139
140
141
142
142
142
143
145
146
144
143
181
176
161
160
174
185
191
189
179
168
154
162
174
182
183
183
180
182
180
180
179
179
179
177
176
171
171
164
161
154
145
126
95
64
48
43
45
54
69
94
124
144
156
103
79
58
100
101
91
85
91
108
86
113
141
140
142
142
142
144
144
145
143
139
179
179
166
157
170
180
183
180
172
157
153
165
174
182
181
182
179
180
179
179
178
178
178
176
176
171
171
165
162
155
142
119
87
61
45
41
40
41
50
69
100
131
153
94
63
77
100
92
105
96
86
91
94
91
119
143
139
141
143
144
145
145
143
138
173
180
172
161
162
170
172
167
159
147
153
169
175
181
180
180
178
176
176
176
176
178
177
176
177
171
171
165
164
154
137
109
77
57
43
40
39
36
40
55
83
114
148
93
70
97
104
94
104
106
95
87
96
97
94
130
142
141
143
144
145
145
144
140
165
183
178
171
160
159
154
147
141
140
155
172
178
180
179
179
175
171
168
171
173
177
176
175
176
171
171
165
164
154
133
101
67
51
41
41
40
35
35
44
69
100
145
103
99
104
105
105
104
97
105
96
85
94
94
100
136
142
144
144
145
145
144
142
156
188
183
179
173
166
154
145
139
148
167
176
180
180
179
178
173
167
161
167
172
176
176
174
175
171
171
165
164
154
129
97
64
48
40
39
39
37
36
41
65
92
140
106
107
107
109
108
104
100
105
108
92
91
100
92
118
143
140
145
145
146
144
142
150
190
187
183
179
172
159
148
144
160
174
179
182
180
179
179
173
168
161
167
172
176
175
173
175
170
170
165
164
151
128
94
62
44
39
36
36
34
35
42
60
89
132
114
114
114
114
113
110
109
107
102
108
92
96
102
96
132
142
144
145
145
145
141
145
188
189
187
183
176
162
153
155
170
179
183
182
180
179
179
175
171
167
170
173
175
175
173
174
169
169
164
162
151
130
95
63
43
36
34
35
34
35
45
58
81
118
121
120
119
117
115
114
114
109
99
114
102
91
100
95
112
142
144
144
145
145
142
141
183
190
188
184
176
161
157
167
179
185
185
182
180
179
179
177
175
172
174
175
175
174
172
173
168
168
162
162
151
130
96
65
45
37
32
32
31
32
42
55
71
98
128
127
125
123
121
119
117
117
115
114
115
98
96
103
95
133
145
142
145
145
142
137
179
188
186
182
173
160
165
174
183
187
185
182
180
179
179
178
177
175
177
175
174
173
172
173
167
167
161
161
151
131
97
67
50
40
33
32
32
34
39
46
60
74
132
133
133
129
128
125
122
120
119
104
110
110
96
101
96
122
144
143
144
146
140
137
173
188
184
179
171
167
171
178
187
186
183
182
181
179
179
179
178
176
176
174
173
173
172
172
168
166
162
161
148
127
97
74
58
48
40
36
37
41
44
49
55
61
143
141
136
134
132
130
126
124
122
117
118
115
103
101
105
106
142
143
144
146
140
137
168
188
183
179
172
169
172
179
186
186
182
180
179
179
179
178
178
175
175
174
173
173
171
171
169
166
162
158
143
119
99
86
74
61
51
45
48
51
58
63
61
55
92
116
144
139
138
136
132
130
126
124
102
95
106
103
106
97
131
142
145
146
141
136
160
184
179
173
165
160
165
175
181
181
180
179
179
179
178
177
177
175
175
173
172
172
171
171
168
166
159
153
133
116
107
101
90
74
62
54
56
63
74
85
82
71
78
124
147
143
143
140
136
134
130
100
68
84
119
109
107
103
114
143
144
147
141
135
154
179
171
161
152
153
153
157
170
175
179
179
179
178
177
177
177
174
174
172
171
171
170
170
166
164
156
146
124
118
119
112
105
86
71
63
67
75
89
103
103
97
101
152
150
149
147
145
142
141
128
82
98
119
125
119
105
110
100
142
144
145
142
135
145
175
157
151
151
155
156
153
154
170
173
178
178
177
178
177
175
174
172
169
169
167
169
169
165
164
150
132
118
124
124
123
116
99
84
71
79
87
101
116
113
117
102
154
154
151
149
147
145
144
140
124
131
125
118
127
109
113
104
130
145
143
141
134
138
169
150
152
158
165
161
155
148
162
169
177
177
176
177
176
174
171
166
158
160
162
167
168
164
158
140
123
120
128
130
130
122
106
92
79
87
96
107
121
119
125
102
159
156
156
153
151
148
147
143
141
141
132
122
133
119
114
113
115
145
142
141
134
131
160
145
153
165
175
169
158
144
155
165
175
176
176
176
175
174
170
160
150
155
160
166
166
159
147
127
121
126
136
136
132
124
110
96
83
94
104
114
121
118
125
136
161
159
157
155
153
151
149
147
144
141
141
134
133
127
114
120
105
143
143
142
135
128
156
144
152
165
178
170
159
143
154
164
173
175
175
176
175
174
170
160
151
156
161
166
164
155
137
120
128
133
142
139
133
126
115
101
86
96
105
115
120
119
124
165
162
160
157
156
155
153
151
151
149
145
144
134
127
132
116
122
104
140
144
141
133
126
159
142
145
158
167
166
151
144
154
167
174
175
175
175
175
174
170
164
158
160
165
167
160
143
124
123
135
138
145
140
134
128
117
102
91
101
107
118
119
121
126
165
165
162
161
158
156
148
151
153
152
149
147
137
132
139
120
124
108
130
144
140
134
125
157
143
135
140
147
147
139
142
156
169
175
176
175
175
175
175
172
168
164
164
164
167
153
131
122
130
141
145
145
139
136
130
118
102
92
101
109
120
122
124
129
167
165
164
159
142
116
94
133
153
152
151
150
149
142
143
127
123
115
120
144
140
135
124
156
146
130
128
135
130
130
144
158
170
174
175
175
175
175
175
173
170
168
170
167
160
140
125
128
138
146
146
145
139
136
129
116
102
94
102
107
123
127
128
132
166
157
131
102
84
100
128
152
156
156
155
152
150
133
140
134
121
119
114
144
139
135
123
151
141
133
139
143
139
131
141
157
168
173
175
174
175
174
173
172
171
169
169
165
149
127
127
137
141
147
144
146
139
134
125
114
103
97
103
105
124
131
131
134
141
100
69
93
131
152
157
157
157
155
156
155
154
140
148
140
124
124
113
143
140
134
123
146
138
143
152
155
153
137
137
155
164
174
174
173
174
173
173
172
171
170
168
157
137
124
132
136
139
144
143
145
139
134
124
114
105
99
105
108
127
133
133
136
81
104
137
156
154
147
142
144
150
155
156
155
155
154
152
145
126
128
112
141
140
134
122
141
139
153
165
171
165
146
138
151
161
172
173
173
174
172
171
168
167
165
160
143
124
125
133
133
131
140
140
144
141
138
130
120
110
101
112
115
131
136
136
138
140
157
153
140
125
119
126
140
150
157
158
157
155
149
149
148
132
129
110
138
140
134
121
138
139
155
171
179
170
151
138
150
160
172
174
174
173
170
168
160
159
154
147
127
118
126
130
128
127
141
142
147
143
141
136
127
116
105
118
122
136
140
138
140
149
132
118
113
117
133
148
159
159
160
160
157
157
148
152
149
137
129
110
137
140
134
120
137
137
149
167
175
166
148
135
149
160
172
173
173
172
168
160
149
144
136
123
105
105
110
120
130
132
143
146
150
145
143
139
132
118
106
121
125
140
142
140
143
115
116
126
140
153
162
168
166
164
162
161
159
150
115
123
145
136
130
113
137
140
133
120
144
141
140
151
157
152
141
140
155
164
173
172
172
171
166
159
147
138
124
108
102
98
98
116
132
139
148
148
152
147
147
142
134
119
107
122
128
144
143
142
145
125
146
164
170
171
172
171
169
167
165
164
160
158
131
109
148
139
130
115
136
139
132
119
147
152
137
136
138
137
137
149
162
168
173
172
172
172
168
162
155
142
124
114
114
102
99
121
138
146
154
151
153
148
150
145
136
117
103
123
132
147
145
144
146
162
172
173
172
173
173
172
171
169
168
166
164
153
137
105
144
143
131
114
135
138
131
119
153
164
154
148
148
149
154
161
169
170
175
172
172
173
170
164
157
145
131
128
117
101
105
129
147
152
156
151
152
147
150
145
132
108
103
126
133
148
147
145
148
171
173
173
174
175
174
172
171
170
168
167
164
156
106
118
142
142
134
110
134
139
131
121
162
175
170
166
164
164
168
173
177
174
174
172
172
171
170
169
166
158
148
141
122
108
120
136
151
154
155
150
151
147
149
146
121
101
106
129
135
148
149
146
148
171
174
174
174
175
174
173
171
170
168
167
164
167
147
155
158
145
135
113
133
139
130
120
167
182
179
179
176
175
177
179
178
175
174
172
172
170
169
169
165
162
155
139
118
115
128
144
155
154
152
149
151
148
148
138
106
97
108
131
136
148
149
147
149
171
174
174
174
175
174
173
171
171
169
168
169
170
149
158
160
144
133
114
135
137
128
119
167
185
185
185
183
182
183
182
179
176
174
172
172
170
169
169
165
165
155
131
115
125
139
153
156
154
152
149
150
149
146
125
91
89
104
121
127
143
146
148
151
171
174
174
174
175
174
173
172
171
170
168
168
171
166
169
160
143
133
114
136
135
128
118
167
185
186
186
186
185
184
182
179
175
172
171
172
170
169
170
166
165
145
119
116
134
147
156
154
153
152
151
152
150
137
101
78
85
100
113
119
138
143
148
153
169
171
173
173
173
173
173
171
171
170
170
169
168
160
169
159
141
134
116
137
134
126
117
168
185
185
187
187
187
185
182
179
174
171
170
170
170
169
169
165
157
133
113
123
143
152
156
153
151
151
151
153
147
122
91
87
108
118
123
120
130
137
144
153
122
167
173
174
173
173
173
172
172
172
172
172
173
159
167
157
139
132
118
137
134
125
117
169
184
185
187
186
186
183
181
179
174
171
170
170
170
170
168
161
149
123
119
133
152
159
156
153
152
152
151
153
144
110
98
113
135
138
139
127
119
128
142
153
100
114
158
173
173
173
173
173
173
173
173
173
174
171
170
155
138
129
123
137
133
124
117
172
183
186
186
186
185
183
181
179
174
171
170
170
170
170
168
157
139
121
129
142
157
158
155
153
153
154
153
155
138
106
113
134
149
147
150
136
117
118
138
152
104
100
108
164
173
173
173
174
174
174
174
175
168
172
172
153
137
126
125
136
132
124
117
174
183
186
187
187
187
184
181
179
174
171
170
170
170
170
165
146
126
124
141
152
161
157
155
154
154
156
155
157
133
110
126
145
158
156
156
143
118
108
136
152
95
95
105
97
146
174
174
172
172
174
175
177
164
168
164
148
140
118
131
134
133
121
117
177
185
189
187
186
186
185
182
179
174
171
170
168
169
167
157
132
119
133
149
158
159
157
155
155
154
157
157
157
135
117
129
148
156
159
160
148
112
102
138
152
139
91
91
109
94
141
171
173
174
176
175
177
179
171
159
144
139
118
137
134
131
120
119
180
186
189
188
187
186
185
182
179
175
172
171
169
169
161
147
124
126
142
155
161
160
157
157
158
156
159
160
159
138
121
130
149
152
157
160
144
98
110
142
153
152
152
112
83
109
93
120
167
174
175
178
166
166
174
156
138
129
123
132
133
127
117
123
185
189
190
189
189
187
185
183
179
175
173
172
171
168
159
145
131
141
154
162
164
164
159
160
161
159
164
162
162
146
132
127
141
144
150
146
120
102
129
149
155
147
152
148
114
80
114
95
114
161
166
179
162
162
166
152
144
118
129
134
132
125
116
126
188
190
191
190
190
188
185
183
179
176
173
174
171
168
161
153
148
155
164
166
164
167
164
164
164
162
166
166
166
155
146
136
137
138
137
132
116
130
141
154
156
107
116
119
112
114
70
96
86
61
66
125
173
175
161
145
150
120
135
133
132
124
112
125
182
185
186
186
185
183
181
180
177
174
172
171
169
166
164
159
158
161
166
168
167
169
167
168
167
166
166
166
168
160
157
149
147
145
143
143
136
149
151
158
155
101
107
103
109
134
102
89
55
34
40
61
138
170
158
139
132
121
130
132
131
123
108
118
159
161
162
161
161
160
159
158
156
153
152
153
153
151
149
148
149
151
154
154
154
156
158
156
156
158
158
157
159
156
155
148
147
144
143
145
143
153
149
153
150
134
135
127
123
140
132
139
49
36
43
84
128
156
149
140
120
128
131
133
130
120
106
110
132
133
133
132
130
130
130
129
127
125
125
124
123
122
121
122
123
124
127
127
130
129
132
130
130
131
131
134
135
133
134
130
130
126
127
128
128
135
131
134
133
151
151
148
149
145
153
147
56
32
67
109
140
156
139
129
118
130
128
128
129
118
103
107
126
127
126
124
123
122
123
122
120
119
119
118
117
117
116
116
116
116
118
118
119
117
118
117
117
116
115
117
116
114
114
108
109
106
108
108
106
109
106
108
107
154
152
151
150
149
150
137
79
30
44
77
143
152
137
118
124
127
127
126
128
116
100
102
112
112
113
114
113
112
114
114
112
112
112
112
110
109
108
108
108
109
110
113
113
112
112
114
114
113
113
113
113
112
110
108
107
106
106
106
105
104
102
103
102
156
154
153
151
150
137
80
99
112
95
128
153
145
138
118
126
127
127
127
128
115
97
83
82
84
86
86
87
86
89
91
91
92
93
93
94
94
94
94
94
95
96
98
98
99
99
99
100
100
101
101
101
100
100
100
99
99
99
99
97
96
94
95
94
158
157
155
153
152
101
62
83
145
157
156
148
147
127
122
127
127
127
127
125
112
92
61
50
51
53
53
54
53
55
57
58
60
62
63
63
64
65
66
66
67
68
69
70
73
74
73
75
76
77
77
78
79
79
79
80
80
81
81
79
78
77
79
78
161
158
156
159
108
58
67
132
150
155
150
146
144
117
127
126
126
126
127
123
109
87
44
24
24
23
23
25
25
26
27
27
30
30
32
32
33
34
32
32
32
33
35
35
37
39
37
40
42
43
44
44
45
45
46
48
49
49
50
49
48
49
51
51
