100
100
100
102
102
103
104
105
104
106
117
115
121
145
158
179
185
189
194
196
194
190
188
189
177
105
159
170
105
175
186
185
170
182
174
177
178
174
182
155
104
150
179
178
169
182
161
174
157
171
137
91
158
157
174
155
159
81
141
166
153
170
153
169
100
100
100
101
102
102
103
105
104
106
117
115
121
145
158
178
184
188
194
196
194
190
190
191
177
103
161
169
105
175
186
185
170
183
175
178
179
175
183
156
101
147
179
178
169
183
162
160
96
146
135
65
85
131
171
152
172
142
161
165
153
172
154
170
100
100
100
101
101
102
102
105
104
106
117
115
121
145
158
177
183
187
193
196
194
190
191
191
177
104
164
175
106
166
187
186
171
183
176
179
179
176
183
146
103
152
181
179
169
184
162
164
91
129
80
46
46
93
165
150
173
157
169
172
160
174
156
170
99
99
100
100
101
102
102
104
104
106
118
115
122
145
158
177
184
189
194
196
195
192
192
193
179
106
166
183
119
144
185
187
172
186
177
181
179
176
181
131
118
165
180
179
171
184
165
178
150
154
78
43
44
64
159
149
176
160
173
172
161
175
156
172
101
101
101
101
102
101
101
103
104
109
121
114
122
146
157
177
184
189
194
196
195
192
192
193
178
107
167
187
152
109
175
188
172
186
176
182
179
177
178
107
150
168
180
179
172
184
165
178
158
161
98
42
42
48
141
147
175
159
172
172
162
175
157
173
118
116
114
110
108
105
104
104
105
108
119
114
123
146
156
177
184
189
194
196
195
192
193
192
176
106
167
190
180
116
122
181
170
185
176
180
178
169
134
113
178
169
180
179
172
184
164
177
158
161
119
45
42
45
114
145
170
159
171
171
161
175
156
173
143
139
135
134
132
128
125
121
117
115
122
113
124
147
156
177
184
189
194
196
195
192
193
191
175
106
166
189
188
166
99
123
156
186
176
177
170
128
100
142
186
170
180
179
172
184
162
175
158
161
131
50
39
43
83
140
167
158
171
170
160
173
154
171
170
168
167
168
166
160
156
152
146
143
143
133
135
149
157
176
185
189
193
195
192
190
190
191
174
121
173
189
188
188
175
120
89
100
106
109
100
115
159
166
185
169
180
179
174
183
168
173
154
156
133
55
41
44
61
128
162
155
171
172
156
173
152
171
168
170
169
173
175
176
176
175
173
169
165
159
156
159
162
176
181
187
193
193
191
189
190
190
186
179
188
192
190
189
187
181
150
125
115
134
142
170
181
169
186
169
180
178
171
183
164
164
151
151
140
70
40
40
46
119
160
157
152
161
161
173
159
172
149
150
153
157
160
165
168
170
174
177
177
180
179
178
177
179
180
184
192
194
193
192
192
192
189
191
190
193
190
189
191
189
175
187
176
182
179
180
185
170
173
138
179
174
170
182
160
135
129
126
130
82
39
40
40
82
131
122
122
124
139
155
140
135
131
137
141
145
147
149
151
155
160
165
169
172
176
179
181
183
183
182
187
191
192
191
190
191
189
189
189
191
190
191
191
190
172
189
177
184
178
179
185
171
146
85
169
173
171
182
156
133
143
129
113
108
43
37
44
67
151
125
117
144
127
133
159
124
110
119
131
136
136
137
138
141
144
147
149
156
160
165
172
178
179
177
179
187
194
190
190
190
186
185
178
179
184
191
191
190
175
190
177
184
179
180
187
176
174
127
179
175
171
181
161
138
152
135
112
127
56
40
42
52
146
137
120
159
130
131
174
142
99
104
110
125
133
137
137
139
139
140
141
143
146
148
154
160
166
166
167
179
191
191
188
182
152
115
105
110
114
151
186
191
174
191
177
185
179
181
187
173
190
168
186
174
173
181
172
153
160
148
120
113
63
40
42
45
108
121
131
165
143
137
146
129
86
91
100
106
119
132
137
139
140
140
140
141
142
142
146
149
154
155
156
170
187
191
186
159
100
138
170
173
143
102
150
188
174
191
177
186
178
181
187
176
190
170
184
176
175
183
177
177
169
164
133
113
71
37
40
43
79
140
164
169
169
166
151
156
83
83
85
92
100
113
128
137
138
139
141
141
142
141
145
146
148
151
150
162
184
192
179
112
143
187
189
193
191
157
108
179
174
189
177
187
178
181
185
175
190
171
185
177
176
179
161
177
157
165
153
137
98
39
40
41
54
121
164
164
160
166
157
168
86
83
82
83
92
99
110
127
139
140
141
142
142
143
144
145
146
146
146
157
179
190
160
103
178
191
193
193
195
184
113
158
172
191
177
187
179
184
185
177
190
169
186
177
177
179
158
176
154
164
154
147
118
46
40
44
57
98
140
150
157
162
154
171
92
90
86
82
83
91
100
107
128
139
138
142
142
143
143
143
144
145
143
152
176
187
148
114
185
191
195
195
195
193
129
143
173
191
178
188
179
184
185
177
190
170
187
176
176
179
160
176
155
166
147
148
131
73
43
43
57
73
80
115
157
169
153
174
92
90
90
87
86
85
92
103
114
131
141
142
142
143
143
143
144
145
143
150
172
187
150
114
189
194
196
196
197
189
122
146
172
191
179
190
179
186
185
177
190
170
187
174
176
179
161
177
155
167
145
148
119
67
48
45
43
48
55
87
122
161
154
171
91
86
85
93
93
86
89
93
106
113
133
141
143
143
144
144
144
145
144
148
168
188
167
110
179
195
197
196
197
181
104
156
172
189
176
188
178
185
186
175
190
170
185
173
179
180
161
178
155
168
146
139
91
55
42
39
42
41
42
64
92
133
153
170
87
81
85
97
97
95
92
92
99
103
117
135
141
140
144
144
145
145
145
144
164
188
177
129
134
188
193
196
189
140
100
174
172
187
173
186
176
183
183
172
188
166
186
171
179
179
160
178
155
168
145
124
76
50
42
39
41
35
39
45
79
107
145
169
87
79
91
100
99
102
98
94
90
96
105
121
140
142
143
144
145
145
145
142
160
184
185
169
115
115
153
155
121
83
129
184
172
187
172
186
174
182
177
174
184
167
185
170
179
178
159
177
155
169
146
108
61
43
39
37
39
40
35
34
62
91
137
166
98
94
101
102
103
102
100
98
93
94
100
108
129
141
143
144
145
145
146
140
157
179
189
186
172
143
114
104
76
92
171
183
175
188
171
186
172
173
108
136
183
166
184
170
179
177
159
177
155
169
142
100
54
40
39
39
39
43
34
33
53
85
130
162
106
105
107
106
107
104
102
103
98
94
94
103
116
134
143
142
144
146
145
140
155
177
189
189
190
187
181
165
101
143
187
187
175
189
171
186
171
176
120
140
182
164
184
166
177
176
159
175
153
168
138
96
52
37
39
39
37
39
36
35
50
79
123
160
109
109
109
109
109
108
105
104
101
100
93
100
112
125
141
144
144
146
145
141
152
174
189
191
193
194
188
139
119
178
188
188
176
189
170
186
171
182
169
168
183
164
183
165
177
176
158
174
153
169
136
97
56
39
35
35
35
33
32
53
67
76
112
155
117
116
115
114
114
113
110
107
104
106
97
97
104
115
133
143
144
145
145
141
148
169
187
192
192
194
172
113
153
189
190
189
175
187
170
185
172
182
179
174
184
162
183
165
177
175
158
175
154
169
135
105
62
42
31
30
31
31
30
40
62
73
82
126
124
122
120
119
119
118
115
112
110
109
105
98
99
108
123
139
145
144
145
142
145
165
186
191
190
181
125
124
183
192
191
189
174
187
171
186
171
182
177
174
184
165
182
165
178
174
157
175
154
170
136
121
64
43
31
31
27
28
27
27
32
52
68
76
132
130
128
126
124
122
120
117
115
108
109
102
98
104
115
133
143
145
144
142
142
160
184
187
188
168
110
162
190
193
191
188
175
186
171
186
170
182
176
174
181
165
183
165
177
174
157
175
154
168
140
117
58
54
40
32
27
30
33
36
28
31
50
65
138
138
135
132
129
127
125
122
119
117
114
108
101
102
110
125
142
144
144
142
141
157
181
187
187
181
167
185
192
192
190
187
175
186
170
185
169
182
175
173
180
164
182
164
177
175
158
174
152
166
134
79
79
71
53
43
41
36
42
55
54
39
28
42
119
131
138
137
136
133
131
128
122
115
102
102
103
102
107
117
137
143
144
143
139
154
179
185
189
184
182
186
191
193
190
186
175
185
170
184
168
181
174
172
179
164
181
164
176
173
159
172
149
166
105
81
112
96
76
58
51
49
62
66
91
95
55
34
109
130
142
142
140
138
136
133
115
95
92
101
112
107
105
113
128
145
144
143
138
151
176
186
176
145
125
127
148
182
189
186
174
184
169
183
168
180
173
172
179
164
180
162
177
171
159
171
149
152
79
119
124
114
96
74
57
61
76
81
106
120
113
81
110
145
148
147
145
142
140
131
115
94
103
118
120
112
107
113
121
139
144
143
137
150
174
170
109
108
136
138
101
107
177
182
175
185
169
183
168
181
171
174
179
162
180
161
175
169
159
168
146
102
91
144
125
122
112
87
69
70
90
97
117
124
124
135
123
153
151
149
147
145
143
136
126
120
123
125
121
118
110
110
120
136
145
143
138
148
170
140
96
161
179
178
157
91
137
181
173
184
169
183
168
182
171
176
174
160
181
158
175
165
158
166
119
78
124
147
129
129
118
96
75
79
104
106
122
127
122
136
125
154
155
154
151
149
147
147
141
141
134
129
124
123
113
112
119
130
144
143
138
146
166
104
129
184
186
189
183
121
109
179
171
183
169
183
168
182
170
171
119
99
174
156
174
167
159
156
76
124
135
148
127
130
120
100
75
87
117
110
124
120
120
130
142
159
158
156
154
152
150
150
146
145
139
136
134
130
119
114
118
125
142
143
138
145
159
100
139
185
188
188
185
133
108
175
172
184
169
183
167
182
169
174
118
101
175
153
174
162
158
113
89
152
135
148
128
133
124
104
78
90
117
109
124
118
119
128
159
161
162
158
156
154
151
150
148
146
145
140
132
131
126
115
118
123
140
143
137
140
159
108
115
184
187
186
183
119
120
175
172
180
167
182
166
181
170
175
164
151
178
153
175
161
136
71
126
154
136
149
127
137
128
108
82
92
112
109
123
119
121
132
166
164
160
159
152
146
147
153
151
149
147
141
136
136
131
120
118
122
137
142
138
139
164
142
84
144
176
175
142
92
148
175
172
180
167
182
166
180
168
175
172
164
177
153
172
154
86
104
142
156
137
149
128
138
127
110
85
93
110
108
125
121
125
132
168
167
161
147
131
122
130
147
153
153
149
147
144
143
136
126
119
120
133
141
138
138
160
174
104
68
96
96
75
121
176
175
171
179
168
181
167
181
170
175
172
165
176
149
176
129
78
149
145
156
139
149
129
139
125
110
86
97
120
114
132
127
131
134
160
146
128
117
114
124
140
154
156
155
153
151
143
141
138
131
120
120
130
141
138
137
158
154
89
101
127
117
75
102
175
175
171
179
168
181
167
180
167
174
171
164
175
152
157
75
131
153
143
155
139
150
130
129
115
107
89
103
114
106
140
132
134
136
130
115
114
120
130
143
152
156
155
155
156
152
148
145
144
135
123
121
128
140
137
133
153
112
107
167
178
175
143
79
146
174
172
179
167
179
165
180
167
174
171
166
177
153
104
85
151
153
144
152
137
151
130
130
104
102
93
102
101
93
143
132
135
136
115
121
132
141
144
144
144
150
153
156
156
155
152
149
148
138
125
122
127
139
137
132
148
90
147
180
184
187
177
105
110
171
170
179
167
179
165
179
164
173
170
165
174
123
76
139
151
117
116
150
138
151
130
141
120
121
92
104
121
114
142
132
136
137
131
139
142
137
131
132
141
151
156
159
158
157
152
148
147
141
128
124
127
138
137
132
145
84
161
184
182
186
179
121
100
168
172
178
167
179
165
180
166
174
171
166
172
75
128
151
148
71
92
152
143
155
133
148
138
127
97
112
136
130
149
136
139
140
137
132
129
126
132
142
149
157
160
161
160
158
148
142
144
143
131
124
127
137
137
131
148
82
149
187
185
186
181
109
106
168
172
177
168
179
165
178
146
136
135
131
110
68
139
134
139
125
132
156
146
159
137
152
138
128
99
116
141
135
152
139
143
143
128
129
135
146
153
160
166
166
164
162
160
153
139
123
136
143
132
123
127
136
136
129
150
99
99
178
186
183
157
82
134
170
171
178
169
179
165
175
117
90
84
75
51
62
73
49
118
150
149
158
146
159
137
150
138
129
100
102
140
131
153
140
146
143
138
149
160
166
168
169
168
170
168
165
162
157
142
124
128
143
133
123
126
135
136
128
149
152
70
90
135
129
79
98
170
168
172
178
168
178
164
177
154
159
154
70
103
132
98
50
148
152
153
159
146
156
137
152
135
132
97
82
139
131
158
140
147
143
159
166
169
173
174
174
172
170
169
167
165
156
138
124
128
143
134
124
125
134
135
127
150
177
157
110
89
91
122
164
179
170
172
176
167
177
162
177
160
171
133
79
158
134
52
96
156
153
152
156
144
155
139
156
137
124
91
112
146
131
156
140
149
143
173
175
174
173
174
174
173
170
169
167
166
159
144
132
142
145
135
125
125
135
135
127
150
180
180
180
174
174
177
182
183
171
173
175
167
177
161
178
159
172
128
143
171
99
61
140
158
156
150
153
143
155
140
157
139
80
69
123
144
135
159
140
150
145
173
174
174
174
175
174
172
171
169
168
166
161
149
142
151
150
136
127
126
136
134
127
150
181
184
186
184
183
182
183
183
169
174
173
167
176
159
177
161
173
158
164
153
50
117
147
159
155
152
152
145
157
140
156
122
49
110
126
148
134
161
140
152
146
172
174
173
174
175
174
172
171
170
169
167
167
161
156
159
153
137
127
128
136
132
125
150
183
187
189
187
185
184
184
183
169
174
173
167
176
159
178
158
171
159
165
100
61
157
150
160
154
151
151
147
158
140
153
78
69
120
120
147
138
158
142
154
148
171
173
172
173
175
174
172
172
171
169
168
168
168
167
165
153
136
126
128
136
130
124
150
182
187
190
188
186
185
186
185
171
176
175
169
178
161
179
158
174
161
136
44
117
167
150
158
151
149
152
148
157
142
124
31
41
55
58
83
123
165
144
155
149
165
172
174
173
174
173
175
171
171
170
170
170
165
164
166
150
135
128
129
136
130
124
148
182
187
188
188
187
186
186
185
169
175
173
170
179
162
179
156
172
157
85
62
139
168
148
158
148
150
153
148
160
139
67
42
100
121
114
97
79
145
144
157
149
139
157
173
173
174
174
172
172
172
172
172
173
169
167
165
148
134
129
130
136
130
124
148
182
187
187
187
187
186
186
183
167
173
170
167
176
160
177
157
174
136
43
130
150
167
150
159
149
152
154
150
164
114
46
112
152
149
154
159
89
93
145
158
148
125
138
155
172
175
175
174
173
173
173
173
174
171
171
162
147
133
129
131
135
127
124
150
183
185
186
187
187
186
186
181
166
172
169
164
173
159
177
156
169
87
82
155
151
168
148
159
150
154
155
153
166
85
79
145
160
155
157
166
122
73
129
159
149
105
122
134
153
172
173
173
174
174
174
174
173
168
170
160
146
132
128
132
134
125
123
151
183
184
185
187
187
186
186
182
167
172
169
162
173
159
178
157
143
58
139
166
151
168
149
159
151
155
155
153
166
74
112
146
164
155
156
167
139
70
117
160
149
113
105
116
132
146
167
174
175
173
177
175
174
170
167
156
142
133
125
132
132
122
123
153
184
187
187
186
186
186
186
183
166
176
169
164
172
160
176
149
80
84
162
162
154
171
147
162
151
158
158
156
165
78
119
149
168
156
158
168
138
68
117
160
149
131
117
105
118
131
143
167
173
174
178
178
174
173
168
154
137
131
124
134
131
121
124
156
187
189
189
187
187
187
187
184
166
178
170
167
172
161
177
122
57
130
165
164
154
169
147
166
154
161
161
160
171
91
100
148
167
156
159
165
132
63
129
162
147
144
139
125
108
109
125
137
158
174
177
173
168
171
164
151
136
130
127
134
130
120
125
161
190
191
192
190
189
187
186
186
168
179
172
171
173
162
160
71
125
154
170
166
156
170
150
170
158
167
165
165
169
136
87
99
161
154
159
158
77
99
145
159
149
136
132
125
113
103
106
123
132
140
152
169
173
172
161
148
140
128
131
132
130
119
126
165
193
192
194
191
189
187
186
187
169
180
173
173
173
164
162
124
167
158
171
167
159
175
154
173
161
169
166
166
172
155
150
93
104
107
109
96
91
155
146
165
149
119
118
115
110
112
97
93
91
90
106
134
166
170
157
143
134
127
132
132
128
116
127
169
194
193
194
191
189
188
189
188
170
180
174
171
174
168
176
158
176
166
175
172
164
181
162
179
166
174
167
169
174
160
178
154
165
145
149
160
152
172
151
166
153
121
122
120
117
124
115
96
65
57
83
124
156
162
152
140
131
127
132
131
125
114
123
150
168
168
172
170
169
169
171
171
160
165
161
164
164
158
165
155
167
159
169
166
161
176
159
172
164
171
166
166
169
158
173
154
169
153
160
164
149
168
149
165
150
137
137
136
138
140
130
105
52
48
87
126
152
153
144
133
127
127
130
128
125
112
96
84
82
78
77
78
79
81
84
83
81
87
87
90
89
91
94
90
100
103
113
109
112
119
113
122
121
127
127
128
132
128
132
123
133
124
133
137
130
146
134
146
138
150
149
147
146
146
138
108
63
53
79
127
153
148
138
127
125
129
128
129
124
108
113
127
136
133
132
131
129
126
126
123
119
119
113
115
109
109
107
105
105
104
106
98
99
100
94
95
93
92
90
90
89
86
84
80
81
74
76
77
71
78
75
80
76
155
152
152
151
149
132
100
82
76
99
135
149
145
136
126
125
130
130
127
119
108
106
116
124
123
125
126
126
126
126
130
129
127
126
127
128
126
124
125
124
126
128
126
128
130
128
128
127
126
126
127
122
123
122
118
121
117
119
120
113
114
106
110
105
156
154
154
151
136
110
90
99
126
136
144
149
140
133
124
126
128
129
126
119
105
87
75
74
76
78
79
79
81
82
85
85
86
87
87
91
91
91
94
93
94
96
97
98
98
101
101
102
103
105
105
107
104
104
104
103
109
108
108
103
104
101
102
101
159
158
155
145
115
90
96
124
141
148
146
149
137
128
124
126
126
126
125
116
98
67
37
30
31
31
31
33
34
34
39
40
41
41
42
44
45
45
49
49
50
53
55
55
53
57
58
60
62
64
64
68
67
66
70
70
73
74
73
71
71
74
74
75
